0.jpg|[[17, 27303, 0, 1599, 163, 159, 0, 0, 20514, 8692, 35, 0, 0, 0], [182, 26513, 0, 1584, 466, 496, 0, 0, 4628, 23281, 1332, 0, 0, 0], [170, 26040, 0, 1130, 1099, 631, 0, 0, 4858, 23877, 335, 0, 0, 0], [38, 18242, 0, 10657, 222, 82, 0, 0, 17189, 11981, 71, 0, 0, 0], [177, 22766, 0, 3693, 1490, 1115, 0, 0, 8987, 19309, 945, 0, 0, 0], [139, 16139, 0, 6897, 3690, 2205, 0, 0, 17177, 11808, 85, 0, 0, 1], [160, 23426, 0, 4604, 426, 454, 0, 0, 20211, 8859, 0, 0, 0, 0], [186, 19076, 0, 6141, 2041, 1626, 0, 0, 18885, 10160, 25, 1, 0, 0], [150, 10855, 0, 14159, 2510, 1226, 0, 0, 21368, 7515, 17, 0, 0, 1]]
1.jpg|[[0, 14855, 0, 7116, 7270, 0, 0, 0, 5954, 23082, 205, 0, 0, 0], [3, 13358, 0, 15869, 11, 0, 0, 0, 8404, 20815, 22, 0, 0, 0], [83, 9564, 0, 16398, 3025, 0, 0, 0, 6512, 21602, 956, 0, 0, 0], [14, 29150, 0, 58, 11, 8, 0, 0, 7414, 21708, 119, 0, 0, 1], [154, 28508, 0, 478, 16, 85, 0, 0, 11722, 16991, 528, 0, 0, 23], [29, 23201, 0, 5778, 36, 26, 0, 0, 9238, 18287, 1545, 0, 0, 0], [7, 21446, 0, 7617, 0, 0, 0, 0, 602, 23020, 5448, 0, 0, 0], [76, 13487, 0, 15463, 1, 43, 0, 0, 6082, 9401, 13587, 1, 0, 10], [186, 17272, 0, 11290, 13, 139, 0, 0, 7339, 7941, 13620, 41, 0, 47]]
10.jpg|[[25, 14968, 0, 14248, 0, 0, 0, 0, 259, 18091, 10891, 0, 0, 0], [0, 17059, 0, 12182, 0, 0, 0, 0, 1, 22449, 6791, 0, 0, 0], [0, 11484, 0, 17586, 0, 0, 0, 0, 102, 17416, 11552, 0, 0, 0], [3, 24025, 0, 5213, 0, 0, 0, 0, 245, 17376, 11620, 0, 0, 2], [36, 27478, 0, 1089, 115, 523, 0, 0, 2071, 20404, 6766, 4, 0, 7], [3, 20103, 0, 8872, 92, 0, 0, 0, 690, 21496, 6884, 0, 0, 2], [36, 22049, 0, 5902, 676, 407, 0, 0, 908, 24978, 3184, 0, 0, 0], [22, 8874, 0, 19738, 285, 151, 0, 0, 7493, 20394, 1183, 3, 0, 34], [0, 11847, 0, 16961, 69, 23, 0, 0, 11846, 15181, 1873, 0, 0, 0]]
11.jpg|[[226, 28202, 0, 543, 57, 213, 0, 0, 5039, 23039, 1163, 1, 0, 6], [941, 26579, 0, 759, 186, 776, 0, 0, 1213, 21619, 6409, 2, 0, 24], [37, 28860, 0, 133, 16, 24, 0, 0, 4915, 22756, 1399, 0, 0, 0], [695, 27005, 0, 895, 165, 481, 0, 0, 4141, 22739, 2361, 2, 0, 44], [251, 28470, 0, 301, 17, 202, 0, 0, 2265, 25093, 1883, 0, 0, 1], [83, 28756, 0, 196, 10, 25, 0, 0, 7720, 20818, 532, 0, 0, 0], [409, 27456, 0, 597, 161, 447, 0, 0, 7314, 19931, 1825, 1, 0, 22], [196, 28109, 0, 643, 27, 95, 0, 0, 7376, 20322, 1372, 3, 0, 24], [31, 28365, 0, 497, 1, 6, 0, 0, 6353, 22326, 221, 0, 0, 4]]
12.jpg|[[1829, 17656, 0, 8, 34, 9714, 0, 0, 5835, 23403, 3, 0, 0, 0], [3495, 19353, 0, 19, 24, 6350, 0, 0, 11688, 17383, 170, 0, 0, 0], [1177, 19359, 0, 216, 168, 8150, 0, 0, 19259, 9803, 8, 0, 0, 0], [1434, 25308, 0, 144, 93, 2262, 0, 0, 15223, 14012, 6, 0, 0, 0], [1449, 24049, 0, 38, 81, 3624, 0, 0, 7800, 20972, 469, 0, 0, 0], [1244, 14056, 0, 978, 988, 11804, 0, 0, 21462, 7476, 132, 0, 0, 0], [4087, 12729, 0, 87, 141, 12026, 0, 0, 28631, 439, 0, 0, 0, 0], [4717, 9982, 0, 246, 291, 13834, 0, 0, 25269, 3729, 72, 0, 0, 0], [408, 14805, 0, 2766, 1721, 9200, 0, 0, 16400, 12500, 0, 0, 0, 0]]
13.jpg|[[53, 27411, 0, 1772, 1, 4, 0, 0, 8068, 16788, 4385, 0, 0, 0], [23, 29201, 0, 15, 2, 0, 0, 0, 6, 20733, 8502, 0, 0, 0], [6, 29057, 0, 7, 0, 0, 0, 0, 182, 20688, 8200, 0, 0, 0], [0, 28843, 0, 391, 3, 4, 0, 0, 6630, 21959, 652, 0, 0, 0], [74, 29132, 0, 2, 7, 26, 0, 0, 228, 25205, 3808, 0, 0, 0], [50, 28811, 0, 35, 53, 121, 0, 0, 225, 23288, 5557, 4, 0, 13], [0, 29070, 0, 0, 0, 0, 0, 0, 389, 28647, 34, 0, 0, 0], [247, 28754, 0, 15, 10, 44, 0, 0, 1731, 23539, 3800, 1, 0, 9], [63, 28833, 0, 0, 0, 4, 0, 0, 2015, 24609, 2276, 1, 0, 0]]
14.jpg|[[8, 29213, 0, 18, 2, 0, 0, 0, 3542, 23903, 1796, 0, 0, 5], [0, 29241, 0, 0, 0, 0, 0, 0, 3171, 24621, 1449, 0, 0, 0], [0, 29070, 0, 0, 0, 0, 0, 0, 3064, 25094, 912, 0, 0, 0], [139, 29102, 0, 0, 0, 0, 0, 0, 4869, 23501, 871, 0, 0, 0], [105, 28889, 0, 90, 32, 125, 0, 0, 76, 23676, 5489, 2, 0, 18], [22, 29015, 0, 7, 9, 17, 0, 0, 6601, 21090, 1379, 0, 0, 6], [651, 28417, 0, 2, 0, 0, 0, 0, 5869, 22210, 991, 0, 0, 0], [268, 28115, 0, 146, 76, 465, 0, 0, 3183, 23898, 1989, 7, 0, 13], [105, 28795, 0, 0, 0, 0, 0, 0, 18050, 10710, 140, 0, 0, 0]]
15.jpg|[[19, 2660, 0, 12295, 11245, 3022, 0, 0, 11131, 18110, 0, 0, 0, 0], [564, 10860, 0, 1294, 1556, 14967, 0, 0, 20613, 8628, 0, 0, 0, 0], [700, 10528, 0, 2025, 4261, 11556, 0, 0, 26537, 2533, 0, 0, 0, 0], [83, 4722, 0, 4279, 11189, 8968, 0, 0, 17582, 11659, 0, 0, 0, 0], [483, 17569, 0, 1324, 1788, 8077, 0, 0, 13530, 15711, 0, 0, 0, 0], [178, 11222, 0, 2064, 2595, 13011, 0, 0, 21892, 7171, 7, 0, 0, 0], [14, 4780, 0, 8226, 11829, 4221, 0, 0, 16360, 12710, 0, 0, 0, 0], [132, 9223, 0, 6010, 1667, 12038, 0, 0, 22859, 6211, 0, 0, 0, 0], [136, 14007, 0, 3514, 5229, 6014, 0, 0, 23191, 5708, 1, 0, 0, 0]]
16.jpg|[[0, 17780, 0, 11461, 0, 0, 0, 0, 133, 27929, 1179, 0, 0, 0], [0, 26253, 0, 2988, 0, 0, 0, 0, 2589, 26541, 111, 0, 0, 0], [0, 16631, 0, 12439, 0, 0, 0, 0, 772, 23269, 5029, 0, 0, 0], [0, 26441, 0, 2800, 0, 0, 0, 0, 149, 28395, 697, 0, 0, 0], [1383, 27633, 0, 7, 1, 217, 0, 0, 6181, 22711, 349, 0, 0, 0], [162, 27679, 0, 1159, 0, 70, 0, 0, 2293, 26456, 321, 0, 0, 0], [72, 28998, 0, 0, 0, 0, 0, 0, 1667, 25828, 1575, 0, 0, 0], [591, 28313, 0, 0, 0, 166, 0, 0, 7410, 18762, 2898, 0, 0, 0], [5, 26049, 0, 2846, 0, 0, 0, 0, 2152, 25109, 1639, 0, 0, 0]]
17.jpg|[[505, 26307, 0, 957, 343, 1129, 0, 0, 15483, 13733, 25, 0, 0, 0], [940, 23440, 0, 985, 731, 3145, 0, 0, 19630, 9588, 23, 0, 0, 0], [593, 27059, 0, 507, 175, 736, 0, 0, 17717, 11353, 0, 0, 0, 0], [672, 25911, 0, 735, 703, 1220, 0, 0, 14846, 14161, 234, 0, 0, 1], [2332, 22280, 0, 775, 570, 3284, 0, 0, 23371, 5647, 223, 2, 0, 14], [279, 28081, 0, 461, 53, 196, 0, 0, 27510, 1501, 59, 0, 0, 0], [60, 28954, 0, 27, 13, 16, 0, 0, 387, 28541, 142, 0, 0, 0], [505, 24339, 0, 539, 712, 2975, 0, 0, 13538, 15166, 366, 0, 0, 0], [4, 28891, 0, 5, 0, 0, 0, 0, 24405, 4495, 0, 0, 0, 0]]
18.jpg|[[122, 8349, 0, 3306, 3982, 13482, 0, 0, 4962, 24270, 9, 0, 0, 0], [822, 16067, 0, 1666, 2197, 8489, 0, 0, 7469, 21646, 126, 0, 0, 0], [542, 27450, 0, 264, 179, 635, 0, 0, 1901, 26823, 346, 0, 0, 0], [113, 6395, 0, 9394, 4595, 8744, 0, 0, 5459, 23777, 5, 0, 0, 0], [413, 27438, 0, 427, 204, 759, 0, 0, 8684, 20450, 107, 0, 0, 0], [192, 27883, 0, 519, 139, 337, 0, 0, 2491, 26515, 64, 0, 0, 0], [0, 177, 0, 21989, 4980, 1924, 0, 0, 3815, 25248, 7, 0, 0, 0], [220, 14999, 0, 9583, 3090, 1178, 0, 0, 11949, 17104, 17, 0, 0, 0], [63, 18754, 0, 6313, 2763, 1007, 0, 0, 11377, 17521, 2, 0, 0, 0]]
19.jpg|[[1192, 24823, 0, 60, 255, 2911, 0, 0, 19547, 9554, 140, 0, 0, 0], [261, 27883, 0, 107, 168, 822, 0, 0, 6406, 22447, 388, 0, 0, 0], [355, 16511, 0, 37, 246, 11921, 0, 0, 14101, 13139, 1830, 0, 0, 0], [182, 15603, 0, 189, 1661, 11606, 0, 0, 18408, 10527, 306, 1, 0, 5], [109, 28964, 0, 30, 18, 120, 0, 0, 261, 28223, 757, 0, 0, 3], [70, 27509, 0, 140, 44, 1307, 0, 0, 5299, 23557, 214, 0, 0, 0], [2440, 19310, 0, 254, 155, 6911, 0, 0, 13548, 15216, 306, 0, 0, 0], [330, 28514, 0, 95, 37, 94, 0, 0, 6674, 21823, 573, 18, 0, 34], [210, 28640, 0, 18, 3, 29, 0, 0, 794, 24844, 3262, 0, 0, 10]]
2.jpg|[[53, 8385, 0, 3293, 5817, 11693, 0, 0, 11187, 18054, 0, 0, 0, 0], [12, 241, 0, 2115, 5835, 21038, 0, 0, 21779, 7462, 0, 0, 0, 0], [122, 6867, 0, 5558, 3731, 12792, 0, 0, 10050, 18734, 286, 0, 0, 0], [66, 2055, 0, 1278, 7308, 18534, 0, 0, 22544, 6640, 57, 0, 0, 0], [839, 14640, 0, 2705, 3529, 7528, 0, 0, 23728, 5410, 103, 0, 0, 0], [200, 5128, 0, 1917, 1712, 20113, 0, 0, 16467, 12598, 5, 0, 0, 0], [159, 8436, 0, 10058, 8476, 1941, 0, 0, 27130, 1940, 0, 0, 0, 0], [188, 14504, 0, 3580, 2463, 8335, 0, 0, 20694, 8374, 2, 0, 0, 0], [67, 6913, 0, 1174, 1116, 19630, 0, 0, 9750, 19150, 0, 0, 0, 0]]
20.jpg|[[124, 9973, 0, 867, 650, 17627, 0, 0, 18668, 10523, 50, 9, 0, 10], [525, 9676, 0, 541, 1284, 17215, 0, 0, 19822, 8971, 448, 0, 0, 0], [110, 9177, 0, 867, 1782, 17134, 0, 0, 22423, 6511, 136, 17, 0, 14], [406, 20429, 0, 1200, 723, 6483, 0, 0, 22347, 6840, 54, 0, 0, 8], [610, 22386, 0, 623, 467, 5155, 0, 0, 7978, 17739, 3524, 1, 0, 1], [287, 18201, 0, 1465, 1239, 7878, 0, 0, 14582, 14456, 32, 0, 0, 0], [429, 17636, 0, 1873, 2294, 6838, 0, 0, 23190, 5805, 75, 0, 0, 0], [111, 342, 0, 157, 831, 27629, 0, 0, 27354, 1656, 60, 0, 0, 0], [556, 16250, 0, 1032, 1322, 9740, 0, 0, 15330, 13508, 62, 0, 0, 0]]
21.jpg|[[5501, 23546, 0, 91, 67, 36, 0, 0, 631, 17678, 10932, 186, 0, 932], [3, 29238, 0, 0, 0, 0, 0, 0, 2, 25269, 3970, 0, 0, 0], [182, 28843, 0, 0, 0, 45, 0, 0, 37, 22694, 6339, 0, 0, 2], [880, 28356, 0, 3, 1, 1, 0, 0, 0, 19123, 10118, 0, 0, 6], [84, 29129, 0, 2, 0, 26, 0, 0, 724, 27959, 558, 0, 0, 1], [0, 29070, 0, 0, 0, 0, 0, 0, 0, 27561, 1509, 0, 0, 0], [16, 29054, 0, 0, 0, 0, 0, 0, 0, 25161, 3909, 0, 0, 0], [0, 29055, 0, 15, 0, 0, 0, 0, 4562, 24192, 316, 0, 0, 0], [11, 28889, 0, 0, 0, 0, 0, 0, 0, 28502, 398, 0, 0, 0]]
22.jpg|[[869, 12880, 0, 13038, 1312, 1142, 0, 0, 1702, 17821, 9718, 147, 0, 234], [1111, 23919, 0, 3386, 284, 541, 0, 0, 826, 17234, 11181, 286, 0, 131], [586, 26263, 0, 1696, 69, 456, 0, 0, 262, 8777, 20031, 149, 0, 61], [1627, 17407, 0, 4059, 2534, 3614, 0, 0, 3248, 14072, 11921, 540, 0, 749], [1094, 27272, 0, 155, 121, 599, 0, 0, 4586, 13018, 11637, 7, 0, 21], [346, 28332, 0, 176, 54, 162, 0, 0, 3360, 9543, 16167, 31, 0, 57], [2714, 17818, 0, 6213, 878, 1447, 0, 0, 5313, 10047, 13710, 1512, 0, 1839], [4534, 22132, 0, 136, 141, 2127, 0, 0, 8268, 13609, 7193, 52, 0, 129], [240, 28651, 0, 0, 0, 9, 0, 0, 901, 11480, 16519, 0, 0, 0]]
23.jpg|[[5, 27900, 0, 1332, 4, 0, 0, 0, 2126, 25530, 1585, 0, 0, 0], [26, 28841, 0, 224, 19, 131, 0, 0, 1291, 23412, 4538, 0, 0, 0], [158, 28298, 0, 596, 2, 16, 0, 0, 1537, 25195, 2338, 0, 0, 1], [60, 27414, 0, 1303, 295, 169, 0, 0, 1928, 25222, 2091, 0, 0, 4], [223, 27696, 0, 586, 112, 624, 0, 0, 2445, 24255, 2541, 4, 0, 15], [18, 29028, 0, 11, 6, 7, 0, 0, 840, 26969, 1261, 0, 0, 0], [61, 14599, 0, 6962, 6105, 1343, 0, 0, 12221, 16474, 375, 2, 0, 5], [60, 10087, 0, 7585, 10920, 418, 0, 0, 21902, 7111, 57, 0, 0, 1], [0, 21511, 0, 5647, 1742, 0, 0, 0, 9808, 18790, 302, 0, 0, 0]]
24.jpg|[[0, 1823, 0, 18324, 8833, 261, 0, 0, 5405, 23834, 2, 0, 0, 0], [0, 8239, 0, 12507, 8357, 138, 0, 0, 4353, 24888, 0, 0, 0, 0], [0, 9244, 0, 13496, 6330, 0, 0, 0, 5240, 23830, 0, 0, 0, 0], [1, 2606, 0, 23041, 3570, 23, 0, 0, 4226, 25004, 11, 0, 0, 0], [45, 19613, 0, 7879, 1204, 500, 0, 0, 13423, 15812, 6, 0, 0, 0], [366, 16138, 0, 8476, 3558, 532, 0, 0, 14749, 14321, 0, 0, 0, 0], [0, 201, 0, 27018, 1851, 0, 0, 0, 1850, 27164, 56, 0, 0, 0], [46, 3969, 0, 17029, 6976, 1050, 0, 0, 24462, 4608, 0, 0, 0, 0], [594, 22049, 0, 3872, 1723, 662, 0, 0, 20462, 8438, 0, 0, 0, 0]]
25.jpg|[[149, 6373, 0, 17746, 4049, 924, 0, 0, 6731, 22350, 160, 0, 0, 0], [106, 6891, 0, 15749, 4923, 1572, 0, 0, 12006, 17235, 0, 0, 0, 0], [5, 178, 0, 23093, 4433, 1361, 0, 0, 7148, 21492, 430, 0, 0, 0], [10, 5110, 0, 12870, 7669, 3582, 0, 0, 21443, 7798, 0, 0, 0, 0], [647, 3521, 0, 6071, 8409, 10593, 0, 0, 24176, 5049, 16, 0, 0, 0], [0, 3, 0, 10084, 11197, 7786, 0, 0, 5751, 23319, 0, 0, 0, 0], [0, 3551, 0, 20539, 4202, 778, 0, 0, 22738, 6330, 2, 0, 0, 0], [13, 178, 0, 11140, 7427, 10312, 0, 0, 18006, 11049, 15, 0, 0, 0], [0, 0, 0, 20122, 6545, 2233, 0, 0, 3225, 25653, 22, 0, 0, 0]]
26.jpg|[[54, 16466, 0, 12721, 0, 0, 0, 0, 2116, 26373, 752, 0, 0, 0], [477, 24992, 0, 3524, 8, 240, 0, 0, 7558, 21677, 6, 0, 0, 0], [192, 22813, 0, 6057, 0, 8, 0, 0, 4431, 24579, 60, 0, 0, 0], [1703, 14578, 0, 3684, 108, 9168, 0, 0, 18562, 10668, 11, 0, 0, 1], [1209, 26900, 0, 125, 37, 970, 0, 0, 16498, 12286, 457, 0, 0, 3], [2325, 14530, 0, 5635, 17, 6563, 0, 0, 13470, 15417, 183, 0, 0, 0], [1234, 15883, 0, 451, 352, 11150, 0, 0, 23893, 5177, 0, 0, 0, 0], [1423, 17702, 0, 277, 62, 9606, 0, 0, 16152, 12717, 201, 2, 0, 13], [2651, 21153, 0, 64, 22, 5010, 0, 0, 19776, 9124, 0, 0, 0, 0]]
27.jpg|[[1315, 24193, 0, 266, 133, 3334, 0, 0, 1857, 24827, 2557, 0, 0, 4], [2226, 21953, 0, 534, 262, 4266, 0, 0, 4165, 22328, 2748, 2, 0, 23], [1139, 25367, 0, 959, 112, 1493, 0, 0, 2906, 25415, 749, 1, 0, 0], [969, 17651, 0, 326, 380, 9915, 0, 0, 10101, 18384, 756, 6, 0, 18], [960, 21953, 0, 309, 290, 5729, 0, 0, 5365, 16316, 7560, 1, 0, 8], [2800, 22871, 0, 1490, 588, 1321, 0, 0, 8482, 19036, 1552, 0, 0, 25], [1650, 8120, 0, 473, 315, 18512, 0, 0, 14859, 13654, 557, 22, 0, 21], [2718, 10543, 0, 1598, 1851, 12360, 0, 0, 20403, 7476, 1191, 10, 0, 15], [2010, 15307, 0, 5975, 1917, 3691, 0, 0, 9896, 18123, 881, 4, 0, 23]]
28.jpg|[[792, 7724, 0, 11526, 1293, 7906, 0, 0, 24491, 4750, 0, 0, 0, 0], [3656, 3737, 0, 526, 4762, 16560, 0, 0, 28495, 746, 0, 0, 0, 0], [154, 781, 0, 942, 11358, 15835, 0, 0, 28064, 1006, 0, 0, 0, 0], [605, 5143, 0, 264, 717, 22512, 0, 0, 28348, 892, 1, 0, 0, 0], [126, 527, 0, 76, 161, 28351, 0, 0, 22215, 7017, 9, 0, 0, 0], [4761, 7247, 0, 153, 5496, 11413, 0, 0, 25364, 3706, 0, 0, 0, 0], [981, 15488, 0, 202, 640, 11759, 0, 0, 27620, 1450, 0, 0, 0, 0], [2830, 16018, 0, 90, 82, 10050, 0, 0, 21572, 7448, 50, 0, 0, 0], [6114, 18065, 0, 94, 52, 4575, 0, 0, 28663, 237, 0, 0, 0, 0]]
29.jpg|[[65, 25467, 0, 3537, 109, 63, 0, 0, 14769, 14470, 2, 0, 0, 0], [16, 29094, 0, 131, 0, 0, 0, 0, 14534, 14706, 1, 0, 0, 0], [191, 24848, 0, 1042, 458, 2531, 0, 0, 15167, 13900, 3, 0, 0, 0], [0, 28830, 0, 409, 2, 0, 0, 0, 9519, 19721, 1, 0, 0, 0], [189, 27717, 0, 502, 409, 424, 0, 0, 22913, 6309, 19, 0, 0, 1], [181, 17967, 0, 3441, 2743, 4738, 0, 0, 19538, 9504, 28, 2, 0, 4], [0, 29070, 0, 0, 0, 0, 0, 0, 3277, 25793, 0, 0, 0, 0], [193, 28027, 0, 331, 48, 471, 0, 0, 17646, 11423, 1, 0, 0, 1], [507, 23404, 0, 469, 1369, 3151, 0, 0, 19058, 9839, 3, 0, 0, 2]]
3.jpg|[[2, 29239, 0, 0, 0, 0, 0, 0, 50, 29191, 0, 0, 0, 0], [106, 28761, 0, 2, 12, 360, 0, 0, 972, 28267, 2, 0, 0, 0], [573, 24878, 0, 987, 548, 2084, 0, 0, 3803, 25242, 25, 0, 0, 0], [0, 29241, 0, 0, 0, 0, 0, 0, 386, 28855, 0, 0, 0, 0], [77, 28069, 0, 608, 336, 151, 0, 0, 3076, 26082, 83, 0, 0, 0], [0, 29070, 0, 0, 0, 0, 0, 0, 0, 29063, 7, 0, 0, 0], [1, 28837, 0, 98, 110, 24, 0, 0, 2212, 26858, 0, 0, 0, 0], [51, 26751, 0, 1890, 354, 24, 0, 0, 6304, 22741, 25, 0, 0, 0], [3, 28881, 0, 16, 0, 0, 0, 0, 443, 28398, 59, 0, 0, 0]]
30.jpg|[[245, 17657, 0, 11078, 200, 61, 0, 0, 7969, 20650, 622, 0, 0, 0], [0, 25769, 0, 3472, 0, 0, 0, 0, 9129, 20096, 16, 0, 0, 0], [15, 17269, 0, 11476, 307, 3, 0, 0, 2554, 25730, 786, 0, 0, 0], [9, 19719, 0, 9361, 134, 18, 0, 0, 12707, 16498, 36, 0, 0, 2], [87, 21296, 0, 7527, 328, 3, 0, 0, 16540, 12509, 192, 0, 0, 0], [19, 13624, 0, 15139, 288, 0, 0, 0, 19088, 9925, 57, 0, 0, 0], [0, 24244, 0, 4826, 0, 0, 0, 0, 4792, 24264, 14, 0, 0, 0], [63, 12639, 0, 11329, 4973, 66, 0, 0, 15236, 13715, 119, 0, 0, 5], [0, 21887, 0, 7013, 0, 0, 0, 0, 21817, 7083, 0, 0, 0, 0]]
31.jpg|[[26, 4700, 0, 24413, 98, 4, 0, 0, 824, 26982, 1435, 0, 0, 0], [510, 19015, 0, 9448, 37, 231, 0, 0, 4393, 24676, 172, 0, 0, 0], [0, 11520, 0, 17530, 20, 0, 0, 0, 415, 28140, 515, 0, 0, 0], [69, 16358, 0, 10930, 1749, 135, 0, 0, 3729, 23181, 2331, 6, 0, 10], [194, 27683, 0, 641, 186, 537, 0, 0, 5906, 21946, 1389, 22, 0, 60], [37, 28982, 0, 27, 6, 18, 0, 0, 2240, 25280, 1550, 0, 0, 14], [115, 12136, 0, 10313, 5186, 1320, 0, 0, 11640, 12784, 4646, 16, 0, 43], [648, 25675, 0, 1086, 641, 1020, 0, 0, 18612, 9989, 469, 24, 0, 69], [804, 26828, 0, 99, 50, 1119, 0, 0, 12590, 15611, 699, 14, 0, 50]]
32.jpg|[[159, 27502, 0, 1227, 111, 242, 0, 0, 325, 23010, 5906, 1, 0, 10], [0, 28993, 0, 244, 4, 0, 0, 0, 128, 26957, 2156, 0, 0, 0], [15, 28282, 0, 769, 2, 2, 0, 0, 114, 27259, 1697, 0, 0, 0], [85, 28731, 0, 233, 59, 133, 0, 0, 890, 23004, 5347, 1, 0, 4], [113, 28282, 0, 367, 123, 356, 0, 0, 3236, 23635, 2370, 0, 0, 0], [0, 25137, 0, 3886, 15, 32, 0, 0, 625, 28353, 92, 0, 0, 0], [29, 27776, 0, 1224, 23, 18, 0, 0, 2033, 26193, 844, 0, 0, 0], [69, 26740, 0, 1991, 117, 153, 0, 0, 12895, 15939, 236, 0, 0, 1], [107, 28003, 0, 300, 73, 417, 0, 0, 3758, 24953, 189, 0, 0, 0]]
33.jpg|[[0, 19310, 0, 9931, 0, 0, 0, 0, 36, 22132, 7073, 0, 0, 0], [0, 29241, 0, 0, 0, 0, 0, 0, 0, 26998, 2243, 0, 0, 0], [57, 20765, 0, 8217, 1, 30, 0, 0, 63, 22775, 6232, 0, 0, 0], [10, 25860, 0, 3349, 6, 16, 0, 0, 51, 27559, 1631, 0, 0, 0], [159, 28910, 0, 81, 15, 76, 0, 0, 489, 28583, 169, 0, 0, 0], [27, 22027, 0, 6974, 16, 26, 0, 0, 76, 25280, 3714, 0, 0, 0], [0, 28857, 0, 213, 0, 0, 0, 0, 0, 28544, 526, 0, 0, 0], [2, 29059, 0, 9, 0, 0, 0, 0, 974, 27197, 899, 0, 0, 0], [0, 27117, 0, 1763, 20, 0, 0, 0, 16, 27911, 973, 0, 0, 0]]
34.jpg|[[140, 27686, 0, 1401, 8, 6, 0, 0, 18109, 11065, 67, 0, 0, 0], [22, 27246, 0, 1943, 30, 0, 0, 0, 11310, 17855, 76, 0, 0, 0], [131, 26915, 0, 2020, 2, 2, 0, 0, 15559, 13490, 21, 0, 0, 0], [132, 19425, 0, 8794, 867, 23, 0, 0, 25146, 4094, 1, 0, 0, 0], [64, 29128, 0, 7, 15, 27, 0, 0, 2674, 26504, 63, 0, 0, 0], [42, 29028, 0, 0, 0, 0, 0, 0, 3247, 25756, 67, 0, 0, 0], [0, 28878, 0, 192, 0, 0, 0, 0, 19496, 9574, 0, 0, 0, 0], [287, 24204, 0, 3190, 854, 535, 0, 0, 21567, 7501, 2, 0, 0, 0], [23, 28307, 0, 367, 123, 80, 0, 0, 2737, 26163, 0, 0, 0, 0]]
35.jpg|[[241, 28801, 0, 3, 5, 191, 0, 0, 4629, 24592, 20, 0, 0, 0], [1151, 24664, 0, 857, 665, 1904, 0, 0, 8544, 20578, 119, 0, 0, 0], [148, 17423, 0, 11445, 18, 36, 0, 0, 15986, 13061, 23, 0, 0, 0], [1106, 27739, 0, 86, 19, 291, 0, 0, 6987, 22254, 0, 0, 0, 0], [575, 28359, 0, 203, 1, 103, 0, 0, 2323, 26905, 13, 0, 0, 0], [544, 15980, 0, 12409, 0, 137, 0, 0, 9916, 19154, 0, 0, 0, 0], [546, 26560, 0, 953, 514, 497, 0, 0, 11777, 17293, 0, 0, 0, 0], [1139, 18339, 0, 2271, 1534, 5787, 0, 0, 21928, 7142, 0, 0, 0, 0], [603, 8890, 0, 18746, 442, 219, 0, 0, 14488, 14412, 0, 0, 0, 0]]
36.jpg|[[365, 27737, 0, 661, 118, 360, 0, 0, 6941, 15722, 6578, 0, 0, 0], [75, 28202, 0, 536, 114, 314, 0, 0, 1236, 17520, 10485, 0, 0, 0], [152, 12580, 0, 3450, 11818, 1070, 0, 0, 3852, 21495, 3723, 0, 0, 0], [352, 18122, 0, 4812, 2967, 2988, 0, 0, 18638, 10355, 248, 0, 0, 0], [264, 22351, 0, 2581, 1770, 2275, 0, 0, 8150, 14427, 6664, 0, 0, 0], [128, 15350, 0, 8443, 4244, 905, 0, 0, 15918, 12793, 359, 0, 0, 0], [18, 24350, 0, 4325, 211, 166, 0, 0, 7173, 21896, 1, 0, 0, 0], [196, 10924, 0, 14899, 1794, 1257, 0, 0, 8348, 19881, 841, 0, 0, 1], [0, 9564, 0, 19248, 88, 0, 0, 0, 3686, 25214, 0, 0, 0, 0]]
37.jpg|[[3081, 19986, 0, 3667, 1250, 1257, 0, 0, 15172, 14021, 48, 0, 0, 0], [1322, 18784, 0, 4173, 3022, 1940, 0, 0, 10322, 18446, 473, 0, 0, 0], [1363, 12688, 0, 5626, 4981, 4412, 0, 0, 18402, 10668, 0, 0, 0, 0], [2127, 23449, 0, 1495, 390, 1780, 0, 0, 15042, 14151, 48, 0, 0, 0], [1275, 25259, 0, 1373, 319, 1015, 0, 0, 5230, 23678, 333, 0, 0, 0], [3780, 15292, 0, 2136, 1189, 6673, 0, 0, 17753, 11311, 6, 0, 0, 0], [1358, 24527, 0, 2085, 264, 836, 0, 0, 28006, 1058, 6, 0, 0, 0], [1613, 21661, 0, 2099, 1225, 2472, 0, 0, 18506, 10534, 30, 0, 0, 0], [143, 27639, 0, 812, 108, 198, 0, 0, 3561, 25318, 21, 0, 0, 0]]
38.jpg|[[0, 10595, 0, 18438, 162, 46, 0, 0, 23, 21984, 7234, 0, 0, 0], [0, 27581, 0, 1624, 27, 9, 0, 0, 49, 22885, 6307, 0, 0, 0], [14, 13607, 0, 14819, 630, 0, 0, 0, 11, 21583, 7476, 0, 0, 0], [0, 20416, 0, 8799, 26, 0, 0, 0, 79, 23052, 6110, 0, 0, 0], [233, 28680, 0, 37, 43, 248, 0, 0, 843, 27010, 1388, 0, 0, 0], [12, 23800, 0, 5249, 6, 3, 0, 0, 2, 22767, 6301, 0, 0, 1], [0, 28102, 0, 968, 0, 0, 0, 0, 1, 15568, 13501, 0, 0, 0], [398, 27311, 0, 317, 237, 807, 0, 0, 6402, 10941, 11727, 1, 0, 0], [0, 28900, 0, 0, 0, 0, 0, 0, 0, 23661, 5239, 0, 0, 0]]
39.jpg|[[358, 27256, 0, 1150, 105, 372, 0, 0, 364, 12981, 15896, 33, 0, 61], [228, 27396, 0, 895, 74, 648, 0, 0, 1723, 17254, 10264, 1, 0, 3], [217, 27579, 0, 754, 145, 375, 0, 0, 526, 15501, 13043, 49, 0, 47], [123, 28649, 0, 306, 46, 117, 0, 0, 342, 20724, 8175, 3, 0, 6], [159, 28894, 0, 58, 42, 88, 0, 0, 349, 15386, 13506, 11, 0, 30], [38, 28958, 0, 50, 11, 13, 0, 0, 35, 15317, 13718, 0, 0, 0], [0, 29070, 0, 0, 0, 0, 0, 0, 0, 18804, 10266, 0, 0, 0], [0, 28720, 0, 320, 30, 0, 0, 0, 1954, 19994, 7122, 0, 0, 0], [22, 28462, 0, 416, 0, 0, 0, 0, 4, 17681, 11215, 0, 0, 1]]
4.jpg|[[1111, 24034, 0, 65, 675, 3356, 0, 0, 10290, 13286, 5665, 3582, 0, 1452], [1798, 26864, 0, 147, 136, 296, 0, 0, 3339, 17426, 8476, 225, 0, 416], [1782, 27076, 0, 29, 17, 166, 0, 0, 863, 17512, 10695, 34, 0, 121], [413, 27505, 0, 64, 107, 1152, 0, 0, 11321, 12353, 5567, 7270, 0, 1953], [517, 28161, 0, 66, 82, 415, 0, 0, 1687, 21919, 5635, 46, 0, 123], [273, 28792, 0, 0, 1, 4, 0, 0, 355, 20092, 8623, 2, 0, 0], [239, 27994, 0, 192, 109, 536, 0, 0, 15560, 9198, 4312, 10587, 0, 1521], [1245, 27064, 0, 90, 121, 550, 0, 0, 6818, 16723, 5529, 186, 0, 231], [590, 28186, 0, 10, 28, 86, 0, 0, 1545, 19282, 8073, 17, 0, 41]]
40.jpg|[[4643, 14950, 0, 1266, 344, 8038, 0, 0, 24473, 4768, 0, 0, 0, 0], [3305, 8033, 0, 2199, 1110, 14594, 0, 0, 25280, 3960, 1, 0, 0, 0], [5396, 11405, 0, 555, 743, 10971, 0, 0, 28166, 904, 0, 0, 0, 0], [6686, 13424, 0, 59, 190, 8882, 0, 0, 24321, 4920, 0, 0, 0, 0], [2198, 6032, 0, 60, 68, 20883, 0, 0, 19396, 9802, 43, 0, 0, 1], [2157, 9545, 0, 109, 289, 16970, 0, 0, 20088, 8973, 9, 0, 0, 0], [4615, 20574, 0, 119, 145, 3617, 0, 0, 15627, 13387, 56, 0, 0, 0], [3737, 15813, 0, 9, 169, 9342, 0, 0, 12781, 14957, 1332, 15, 0, 81], [2610, 20885, 0, 279, 155, 4971, 0, 0, 23862, 5025, 13, 0, 0, 0]]
41.jpg|[[416, 16739, 0, 9200, 1828, 1058, 0, 0, 11403, 17808, 30, 0, 0, 2], [129, 20247, 0, 7649, 945, 271, 0, 0, 11750, 17470, 21, 0, 0, 0], [419, 11343, 0, 15099, 1719, 490, 0, 0, 14568, 14370, 132, 0, 0, 0], [199, 23949, 0, 3444, 492, 1157, 0, 0, 19408, 9728, 105, 0, 0, 0], [808, 27138, 0, 356, 237, 702, 0, 0, 18525, 10702, 14, 0, 0, 0], [702, 14611, 0, 6804, 929, 6024, 0, 0, 21778, 7290, 2, 0, 0, 0], [38, 28871, 0, 154, 0, 7, 0, 0, 14585, 14485, 0, 0, 0, 0], [943, 22355, 0, 576, 238, 4958, 0, 0, 13910, 15160, 0, 0, 0, 0], [394, 23999, 0, 505, 91, 3911, 0, 0, 27258, 1642, 0, 0, 0, 0]]
42.jpg|[[0, 29241, 0, 0, 0, 0, 0, 0, 0, 28143, 1098, 0, 0, 0], [0, 29241, 0, 0, 0, 0, 0, 0, 0, 22803, 6438, 0, 0, 0], [0, 29070, 0, 0, 0, 0, 0, 0, 14, 28257, 799, 0, 0, 0], [0, 29127, 0, 114, 0, 0, 0, 0, 2732, 26226, 283, 0, 0, 0], [14, 28967, 0, 233, 26, 1, 0, 0, 193, 28538, 510, 0, 0, 0], [0, 28883, 0, 179, 8, 0, 0, 0, 1862, 26792, 416, 0, 0, 0], [38, 28821, 0, 198, 6, 7, 0, 0, 1782, 27124, 164, 0, 0, 0], [0, 28888, 0, 181, 1, 0, 0, 0, 735, 28038, 297, 0, 0, 0], [1, 28482, 0, 405, 12, 0, 0, 0, 1344, 27349, 207, 0, 0, 0]]
43.jpg|[[421, 14233, 0, 5607, 8760, 220, 0, 0, 20099, 9142, 0, 0, 0, 0], [593, 19969, 0, 3550, 3784, 1345, 0, 0, 26568, 2673, 0, 0, 0, 0], [2249, 12792, 0, 2949, 5237, 5843, 0, 0, 26011, 3059, 0, 0, 0, 0], [709, 25343, 0, 1556, 277, 1356, 0, 0, 25670, 3571, 0, 0, 0, 0], [2011, 20069, 0, 1300, 541, 5320, 0, 0, 27134, 2095, 12, 0, 0, 0], [1740, 19165, 0, 631, 240, 7294, 0, 0, 23644, 5414, 12, 0, 0, 0], [2, 29051, 0, 17, 0, 0, 0, 0, 20197, 8873, 0, 0, 0, 0], [1181, 15588, 0, 822, 638, 10841, 0, 0, 25014, 4056, 0, 0, 0, 0], [1559, 16553, 0, 665, 277, 9846, 0, 0, 24562, 4338, 0, 0, 0, 0]]
44.jpg|[[6, 14059, 0, 7754, 6816, 606, 0, 0, 13643, 14988, 610, 0, 0, 0], [0, 19332, 0, 614, 8440, 855, 0, 0, 19544, 9560, 137, 0, 0, 0], [0, 15033, 0, 1916, 10369, 1752, 0, 0, 13884, 14667, 519, 0, 0, 0], [21, 14825, 0, 3613, 1412, 9370, 0, 0, 22171, 6728, 342, 0, 0, 3], [34, 26885, 0, 1119, 658, 545, 0, 0, 5323, 22000, 1918, 7, 0, 32], [32, 20535, 0, 5889, 2498, 116, 0, 0, 14369, 13972, 729, 3, 0, 6], [42, 13400, 0, 8852, 3598, 3178, 0, 0, 28123, 926, 21, 0, 0, 3], [34, 15864, 0, 4379, 5602, 3191, 0, 0, 16348, 11892, 830, 2, 0, 28], [0, 23024, 0, 3533, 2208, 135, 0, 0, 7699, 19626, 1575, 0, 0, 0]]
45.jpg|[[379, 10513, 0, 473, 217, 17659, 0, 0, 27505, 1736, 0, 0, 0, 0], [837, 12569, 0, 984, 597, 14254, 0, 0, 27573, 1608, 60, 1, 0, 3], [591, 21955, 0, 1163, 725, 4636, 0, 0, 26818, 2246, 6, 0, 0, 2], [1185, 14934, 0, 517, 204, 12401, 0, 0, 26434, 2800, 7, 0, 0, 1], [1206, 14941, 0, 767, 320, 12007, 0, 0, 24555, 4681, 5, 0, 0, 0], [253, 25650, 0, 805, 421, 1941, 0, 0, 14254, 14754, 62, 0, 0, 1], [3508, 19109, 0, 800, 685, 4968, 0, 0, 23229, 5823, 18, 0, 0, 0], [5805, 18602, 0, 298, 127, 4238, 0, 0, 19789, 9103, 178, 5, 0, 17], [388, 22497, 0, 1996, 2232, 1787, 0, 0, 17882, 11016, 2, 0, 0, 0]]
46.jpg|[[129, 6410, 0, 2, 6, 22694, 0, 0, 22686, 5322, 1233, 0, 0, 0], [124, 13839, 0, 3, 7, 15268, 0, 0, 15059, 13471, 711, 0, 0, 0], [196, 10694, 0, 4, 7, 18169, 0, 0, 6166, 19843, 3061, 0, 0, 0], [53, 13654, 0, 67, 74, 15393, 0, 0, 16164, 12540, 537, 0, 0, 0], [145, 29035, 0, 10, 0, 51, 0, 0, 138, 26150, 2953, 0, 0, 0], [103, 14914, 0, 8, 3, 14042, 0, 0, 14003, 14728, 339, 0, 0, 0], [38, 26058, 0, 20, 3, 2951, 0, 0, 3157, 24673, 1240, 0, 0, 0], [0, 29070, 0, 0, 0, 0, 0, 0, 3911, 24459, 700, 0, 0, 0], [113, 22710, 0, 9, 2, 6066, 0, 0, 6493, 22392, 15, 0, 0, 0]]
47.jpg|[[145, 16594, 0, 12163, 277, 62, 0, 0, 14257, 14955, 29, 0, 0, 0], [213, 20550, 0, 7574, 487, 417, 0, 0, 13219, 15671, 351, 0, 0, 0], [277, 17642, 0, 5621, 912, 4618, 0, 0, 19204, 9860, 6, 0, 0, 0], [245, 15229, 0, 12932, 642, 193, 0, 0, 27216, 2025, 0, 0, 0, 0], [392, 27046, 0, 818, 127, 858, 0, 0, 6916, 21603, 722, 0, 0, 0], [635, 20915, 0, 2103, 767, 4650, 0, 0, 16805, 12164, 101, 0, 0, 0], [170, 20568, 0, 8238, 4, 90, 0, 0, 17801, 11255, 14, 0, 0, 0], [384, 24223, 0, 3728, 185, 550, 0, 0, 23525, 5497, 48, 0, 0, 0], [468, 25591, 0, 1266, 99, 1476, 0, 0, 15538, 13335, 27, 0, 0, 0]]
48.jpg|[[23, 29111, 0, 92, 0, 15, 0, 0, 9690, 19470, 81, 0, 0, 0], [386, 28442, 0, 34, 45, 334, 0, 0, 1548, 26064, 1629, 0, 0, 8], [93, 28867, 0, 102, 6, 2, 0, 0, 3625, 25090, 355, 0, 0, 0], [274, 27876, 0, 414, 306, 371, 0, 0, 5787, 23377, 77, 0, 0, 2], [1244, 25382, 0, 522, 325, 1768, 0, 0, 9156, 19306, 779, 0, 0, 2], [431, 27852, 0, 297, 155, 335, 0, 0, 7357, 21528, 185, 0, 0, 0], [35, 28616, 0, 318, 58, 43, 0, 0, 7034, 21918, 118, 0, 0, 0], [1443, 26823, 0, 299, 185, 320, 0, 0, 16044, 12539, 487, 18, 0, 50], [359, 27803, 0, 188, 60, 490, 0, 0, 6171, 22274, 455, 0, 0, 0]]
49.jpg|[[414, 8137, 0, 269, 281, 20140, 0, 0, 5122, 23908, 211, 0, 0, 0], [77, 18664, 0, 65, 36, 10399, 0, 0, 1037, 26978, 1226, 0, 0, 0], [120, 9339, 0, 14, 21, 19576, 0, 0, 1489, 26221, 1360, 0, 0, 0], [700, 25059, 0, 478, 273, 2731, 0, 0, 9113, 19980, 148, 2, 0, 2], [370, 27554, 0, 445, 257, 615, 0, 0, 2398, 20357, 6486, 1, 0, 1], [60, 28690, 0, 36, 82, 202, 0, 0, 748, 21903, 6419, 0, 0, 2], [1153, 27142, 0, 299, 90, 386, 0, 0, 4048, 24974, 48, 0, 0, 0], [1600, 25845, 0, 397, 153, 1075, 0, 0, 13118, 15769, 183, 9, 0, 3], [76, 28689, 0, 98, 6, 31, 0, 0, 740, 26624, 1536, 0, 0, 0]]
5.jpg|[[425, 21979, 0, 976, 720, 5141, 0, 0, 13771, 15443, 27, 0, 0, 0], [266, 25022, 0, 1683, 1115, 1155, 0, 0, 22056, 7160, 25, 0, 0, 0], [374, 22945, 0, 681, 853, 4217, 0, 0, 14913, 14125, 32, 0, 0, 0], [0, 29241, 0, 0, 0, 0, 0, 0, 2077, 27160, 4, 0, 0, 0], [979, 26627, 0, 411, 205, 1019, 0, 0, 11604, 17534, 103, 0, 0, 0], [274, 23186, 0, 300, 1151, 4159, 0, 0, 13837, 15199, 34, 0, 0, 0], [0, 29070, 0, 0, 0, 0, 0, 0, 7704, 21344, 22, 0, 0, 0], [182, 25521, 0, 573, 579, 2215, 0, 0, 17869, 11196, 5, 0, 0, 0], [11, 28889, 0, 0, 0, 0, 0, 0, 9988, 18902, 10, 0, 0, 0]]
6.jpg|[[565, 28391, 0, 226, 11, 48, 0, 0, 13314, 15927, 0, 0, 0, 0], [319, 28696, 0, 195, 11, 20, 0, 0, 11650, 17589, 2, 0, 0, 0], [157, 28771, 0, 98, 39, 5, 0, 0, 10276, 18794, 0, 0, 0, 0], [50, 29152, 0, 24, 5, 10, 0, 0, 8338, 20903, 0, 0, 0, 0], [310, 27997, 0, 291, 151, 492, 0, 0, 7097, 22036, 108, 26, 0, 18], [134, 28816, 0, 105, 1, 14, 0, 0, 8101, 20969, 0, 0, 0, 0], [5, 29058, 0, 7, 0, 0, 0, 0, 3769, 25278, 23, 0, 0, 0], [63, 28598, 0, 225, 91, 93, 0, 0, 21550, 7500, 20, 0, 0, 0], [499, 25850, 0, 399, 873, 1279, 0, 0, 17332, 11568, 0, 0, 0, 0]]
7.jpg|[[148, 10748, 0, 82, 1018, 17245, 0, 0, 607, 21431, 7203, 7, 0, 16], [400, 17685, 0, 193, 4142, 6821, 0, 0, 1619, 21445, 6177, 1, 0, 2], [443, 12696, 0, 725, 9356, 5850, 0, 0, 9661, 14902, 4507, 0, 0, 0], [888, 16818, 0, 85, 70, 11380, 0, 0, 1130, 19069, 9042, 6, 0, 8], [415, 28125, 0, 5, 5, 691, 0, 0, 404, 20214, 8623, 1, 0, 3], [399, 20580, 0, 334, 2018, 5739, 0, 0, 2776, 23752, 2542, 0, 0, 1], [2780, 23768, 0, 150, 103, 2269, 0, 0, 1276, 25729, 2065, 0, 0, 4], [1155, 24702, 0, 102, 193, 2918, 0, 0, 3074, 21724, 4272, 11, 0, 34], [955, 25020, 0, 59, 42, 2824, 0, 0, 1674, 25046, 2180, 0, 0, 8]]
8.jpg|[[1244, 2476, 0, 425, 959, 24137, 0, 0, 23998, 4978, 265, 3, 0, 5], [1185, 2780, 0, 490, 838, 23948, 0, 0, 27583, 1586, 72, 0, 0, 0], [1768, 4296, 0, 165, 258, 22583, 0, 0, 28713, 350, 7, 0, 0, 0], [1451, 20468, 0, 912, 1361, 5049, 0, 0, 28781, 458, 2, 0, 0, 0], [4985, 7813, 0, 313, 870, 15260, 0, 0, 27721, 1442, 78, 0, 0, 0], [3584, 4619, 0, 182, 173, 20512, 0, 0, 28694, 366, 10, 0, 0, 0], [245, 28623, 0, 127, 51, 24, 0, 0, 28802, 268, 0, 0, 0, 0], [2452, 14419, 0, 224, 212, 11763, 0, 0, 27842, 1136, 92, 0, 0, 0], [652, 692, 0, 256, 5360, 21940, 0, 0, 28619, 262, 19, 0, 0, 0]]
9.jpg|[[0, 25225, 0, 3978, 38, 0, 0, 0, 1914, 13932, 13395, 0, 0, 0], [195, 26977, 0, 2069, 0, 0, 0, 0, 1117, 26894, 1230, 0, 0, 0], [1463, 25494, 0, 1983, 25, 105, 0, 0, 7139, 18083, 3848, 0, 0, 0], [299, 28418, 0, 473, 1, 50, 0, 0, 3033, 21833, 4375, 0, 0, 0], [555, 26762, 0, 736, 179, 1009, 0, 0, 4472, 21976, 2793, 9, 0, 30], [462, 27669, 0, 282, 88, 569, 0, 0, 429, 17209, 11432, 10, 0, 40], [105, 28749, 0, 216, 0, 0, 0, 0, 12578, 15766, 726, 0, 0, 0], [333, 26810, 0, 1109, 108, 710, 0, 0, 1838, 18251, 8981, 21, 0, 86], [396, 27906, 0, 208, 44, 346, 0, 0, 56, 7754, 21090, 7, 0, 33]]
